1 0.269 0.22604790419161677 0.066 0.1347305389221557
1 0.214 0.22604790419161677 0.056 0.11077844311377245
1 0.51 0.25449101796407186 0.072 0.1317365269461078
1 0.716 0.22005988023952097 0.08 0.15269461077844312
1 0.414 0.23053892215568864 0.072 0.1377245508982036
1 0.369 0.2470059880239521 0.05 0.12275449101796407
2 0.067 0.5029940119760479 0.13 0.8203592814371258
2 0.734 0.5374251497005988 0.124 0.7874251497005988
2 0.531 0.5583832335329342 0.126 0.7395209580838323
2 0.379 0.5838323353293413 0.186 0.8263473053892215
2 0.255 0.4865269461077844 0.122 0.6437125748502994
2 0.196 0.46706586826347307 0.108 0.5868263473053892