1 0.25 0.43543543543543545 0.16 0.2222222222222222
1 0.614 0.8618618618618619 0.176 0.26426426426426425
1 0.734 0.38738738738738737 0.164 0.23423423423423423
1 0.852 0.17567567567567569 0.156 0.27927927927927926
1 0.634 0.6126126126126126 0.148 0.2222222222222222
1 0.948 0.3588588588588589 0.1 0.26126126126126126
1 0.689 0.23573573573573572 0.134 0.21921921921921922
1 0.285 0.7237237237237237 0.174 0.22822822822822822
1 0.945 0.7222222222222222 0.106 0.2912912912912913
0 0.436 0.4774774774774775 0.14 0.1921921921921922
0 0.769 0.7432432432432432 0.142 0.23723723723723725