1 0.287 0.40425531914893614 0.078 0.1458966565349544
1 0.477 0.3799392097264438 0.082 0.1519756838905775
1 0.203 0.45592705167173253 0.106 0.182370820668693
1 0.423 0.22644376899696048 0.066 0.14285714285714285
1 0.599 0.6413373860182371 0.118 0.2066869300911854
1 0.877 0.6109422492401215 0.126 0.1641337386018237
1 0.795 0.3981762917933131 0.082 0.1033434650455927
1 0.294 0.1717325227963526 0.052 0.13069908814589665
1 0.477 0.13221884498480244 0.054 0.11246200607902736
1 0.711 0.1276595744680851 0.062 0.1458966565349544
1 0.376 0.7857142857142857 0.16 0.270516717325228
1 0.653 0.44072948328267475 0.094 0.1702127659574468