1 0.07751396648044692 0.3933333333333333 0.018156424581005588 0.04666666666666667
1 0.4483240223463687 0.3516666666666667 0.019553072625698324 0.043333333333333335
1 0.5125698324022346 0.5033333333333333 0.025139664804469275 0.05333333333333334
1 0.8121508379888268 0.5383333333333333 0.029329608938547486 0.09
1 0.9329608938547486 0.555 0.036312849162011177 0.08333333333333333
1 0.6773743016759777 0.38 0.01675977653631285 0.04
1 0.6655027932960894 0.36333333333333334 0.015363128491620111 0.04
1 0.2541899441340782 0.2783333333333333 0.0111731843575419 0.03666666666666667
1 0.24022346368715083 0.29333333333333333 0.0111731843575419 0.03333333333333333
2 0.07332402234636871 0.4866666666666667 0.040502793296089384 0.22
2 0.2388268156424581 0.3466666666666667 0.01675977653631285 0.14
2 0.2562849162011173 0.33 0.018156424581005588 0.12
2 0.5160614525139665 0.635 0.040502793296089384 0.3233333333333333
2 0.4420391061452514 0.4116666666666667 0.03212290502793296 0.16333333333333333
2 0.6850558659217877 0.475 0.029329608938547486 0.22333333333333333
2 0.6613128491620112 0.44166666666666665 0.02094972067039106 0.19
2 0.8093575418994413 0.695 0.07402234636871509 0.37
2 0.9441340782122905 0.7583333333333333 0.10335195530726257 0.4766666666666667