1 0.59375 0.10150375939849623 0.0675 0.15037593984962405
1 0.75625 0.14097744360902256 0.1575 0.2744360902255639
1 0.49125 0.13909774436090225 0.0925 0.16541353383458646
1 0.92625 0.14097744360902256 0.1225 0.2518796992481203
1 0.19125 0.17293233082706766 0.0575 0.11278195488721804
1 0.4225 0.2424812030075188 0.125 0.22932330827067668
1 0.55 0.15413533834586465 0.045 0.09774436090225563
1 0.85 0.12593984962406016 0.055 0.13909774436090225
1 0.25375 0.18984962406015038 0.0375 0.08646616541353383
1 0.3175 0.18796992481203006 0.035 0.07518796992481203
1 0.3575 0.18045112781954886 0.04 0.08270676691729323
1 0.22375 0.15977443609022557 0.0425 0.07894736842105263