1 0.44 0.3057228915662651 0.12 0.21385542168674698
1 0.6 0.3463855421686747 0.084 0.15060240963855423
1 0.807 0.26656626506024095 0.086 0.1716867469879518
1 0.084 0.37801204819277107 0.1 0.17771084337349397
1 0.206 0.3704819277108434 0.092 0.1746987951807229
1 0.738 0.25 0.116 0.21084337349397592
1 0.531 0.3704819277108434 0.066 0.1144578313253012
1 0.378 0.3313253012048193 0.088 0.1746987951807229
1 0.927 0.0963855421686747 0.142 0.18674698795180722
2 0.073 0.6460843373493976 0.138 0.6897590361445783
2 0.219 0.641566265060241 0.146 0.6987951807228916
2 0.351 0.625 0.134 0.7439759036144579
2 0.439 0.6054216867469879 0.322 0.7831325301204819
2 0.63 0.6370481927710844 0.124 0.7198795180722891
2 0.779 0.5768072289156626 0.222 0.8403614457831325
2 0.927 0.5 0.142 0.9939759036144579