1 0.526 0.41363636363636364 0.072 0.13636363636363635
1 0.868 0.44545454545454544 0.096 0.18181818181818182
1 0.71 0.4409090909090909 0.084 0.1606060606060606
1 0.464 0.40454545454545454 0.056 0.1303030303030303
1 0.938 0.3787878787878788 0.064 0.12727272727272726
1 0.404 0.39090909090909093 0.056 0.1393939393939394
1 0.37 0.3939393939393939 0.052 0.14545454545454545
1 0.301 0.4287878787878788 0.046 0.10606060606060606
1 0.708 0.44242424242424244 0.088 0.14545454545454545
1 0.725 0.3560606060606061 0.058 0.10606060606060606
1 0.774 0.3878787878787879 0.052 0.10303030303030303
1 0.911 0.45151515151515154 0.058 0.15757575757575756