1 0.134 0.2822822822822823 0.072 0.1021021021021021
1 0.38 0.3633633633633634 0.048 0.08408408408408409
1 0.335 0.36936936936936937 0.038 0.07207207207207207
1 0.63 0.36786786786786785 0.044 0.08108108108108109
1 0.581 0.35735735735735735 0.042 0.07807807807807808
1 0.694 0.36786786786786785 0.04 0.07507507507507508
1 0.749 0.36036036036036034 0.042 0.08408408408408409
1 0.829 0.36936936936936937 0.038 0.08408408408408409
1 0.866 0.3408408408408408 0.048 0.08708708708708708
1 0.237 0.37237237237237236 0.046 0.07807807807807808
1 0.041 0.38288288288288286 0.046 0.0990990990990991
1 0.143 0.3588588588588589 0.034 0.08108108108108109
1 0.161 0.3738738738738739 0.034 0.09309309309309309