1 0.671 0.43854748603351956 0.122 0.16759776536312848
1 0.775 0.09636871508379888 0.134 0.1871508379888268
1 0.653 0.5977653631284916 0.106 0.16201117318435754
1 0.688 0.7849162011173184 0.128 0.18435754189944134
1 0.622 0.11871508379888268 0.124 0.19832402234636873
2 0.238 0.4958100558659218 0.452 0.9860335195530726
2 0.627 0.8547486033519553 0.274 0.2849162011173184
2 0.639 0.6298882681564246 0.222 0.20949720670391062
2 0.8 0.6773743016759777 0.368 0.61731843575419
2 0.529 0.2346368715083799 0.306 0.44692737430167595
2 0.724 0.18435754189944134 0.232 0.36312849162011174
1 0.158 0.09916201117318436 0.248 0.19273743016759776