1 0.231 0.3063063063063063 0.05 0.0960960960960961
1 0.336 0.32432432432432434 0.06 0.08408408408408409
1 0.43 0.31981981981981983 0.048 0.08708708708708708
1 0.497 0.3183183183183183 0.034 0.07807807807807808
1 0.533 0.3183183183183183 0.042 0.0960960960960961
1 0.564 0.33783783783783783 0.032 0.06306306306306306
1 0.62 0.33783783783783783 0.04 0.08108108108108109
1 0.599 0.3108108108108108 0.038 0.09309309309309309
1 0.649 0.3213213213213213 0.038 0.07807807807807808
1 0.73 0.33483483483483484 0.04 0.08708708708708708
1 0.772 0.30930930930930933 0.064 0.12012012012012012