1 0.596 0.24924924924924924 0.064 0.12612612612612611
1 0.776 0.2087087087087087 0.08 0.11711711711711711
1 0.73 0.26126126126126126 0.064 0.15615615615615616
1 0.45 0.3108108108108108 0.052 0.0990990990990991
1 0.365 0.33633633633633636 0.054 0.08408408408408409
1 0.335 0.37537537537537535 0.038 0.06006006006006006
1 0.312 0.34234234234234234 0.032 0.042042042042042045
1 0.133 0.35435435435435436 0.038 0.05405405405405406
1 0.02 0.05405405405405406 0.036 0.1021021021021021
1 0.223 0.37237237237237236 0.03 0.06006006006006006
1 0.247 0.37987987987987987 0.026 0.05105105105105105