1 0.864 0.36936936936936937 0.08 0.15015015015015015
1 0.735 0.4009009009009009 0.054 0.10510510510510511
1 0.633 0.3993993993993994 0.05 0.1021021021021021
1 0.248 0.6411411411411412 0.044 0.07507507507507508
1 0.093 0.5945945945945946 0.038 0.07807807807807808
1 0.388 0.46846846846846846 0.044 0.08408408408408409
1 0.518 0.5840840840840841 0.044 0.07507507507507508
1 0.447 0.5 0.038 0.08108108108108109
1 0.544 0.43843843843843844 0.048 0.08408408408408409
1 0.682 0.42042042042042044 0.044 0.09009009009009009
1 0.237 0.5900900900900901 0.034 0.06906906906906907