1 0.5180265654648957 0.34 0.05313092979127135 0.09333333333333334
1 0.713472485768501 0.455 0.06072106261859583 0.11
1 0.9117647058823529 0.33 0.07400379506641366 0.12
1 0.372865275142315 0.4766666666666667 0.05502846299810247 0.10666666666666667
1 0.6688804554079696 0.3416666666666667 0.05502846299810247 0.10333333333333333
1 0.5521821631878557 0.42833333333333334 0.0683111954459203 0.11
1 0.2732447817836812 0.42833333333333334 0.04554079696394687 0.09
1 0.25996204933586337 0.28833333333333333 0.04554079696394687 0.08333333333333333
1 0.031309297912713474 0.4116666666666667 0.04364326375711575 0.06333333333333334
1 0.05028462998102467 0.355 0.036053130929791274 0.056666666666666664
1 0.10436432637571158 0.3983333333333333 0.04554079696394687 0.07666666666666666
1 0.13282732447817835 0.3233333333333333 0.04174573055028463 0.06
2 0.3776091081593928 0.5916666666666667 0.11385199240986717 0.33666666666666667
2 0.5379506641366224 0.5816666666666667 0.14231499051233396 0.38333333333333336
2 0.6878557874762808 0.585 0.1347248576850095 0.39
0 0.8358633776091081 0.41833333333333333 0.08159392789373814 0.14333333333333334
2 0.04079696394686907 0.5033333333333333 0.07400379506641366 0.25333333333333335
2 0.12998102466793168 0.49833333333333335 0.0967741935483871 0.25
2 0.2836812144212524 0.555 0.10436432637571158 0.3233333333333333
1 0.2077798861480076 0.4166666666666667 0.036053130929791274 0.08
2 0.21537001897533206 0.54 0.08538899430740038 0.32
2 0.27514231499051234 0.32166666666666666 0.09487666034155598 0.15
1 0.1954459203036053 0.32 0.04174573055028463 0.06666666666666667
2 0.1954459203036053 0.3383333333333333 0.07210626185958255 0.11666666666666667
2 0.1413662239089184 0.38333333333333336 0.051233396584440226 0.16666666666666666
2 0.06261859582542695 0.3983333333333333 0.056925996204933584 0.13
2 0.816888045540797 0.565 0.12333965844402277 0.42333333333333334
2 0.5047438330170778 0.3616666666666667 0.1062618595825427 0.13666666666666666