1 0.513 0.10526315789473684 0.082 0.1609907120743034
1 0.178 0.6176470588235294 0.136 0.21981424148606812
1 0.648 0.6578947368421053 0.132 0.2260061919504644
1 0.873 0.15170278637770898 0.086 0.14860681114551083
1 0.854 0.5294117647058824 0.12 0.19195046439628483
1 0.959 0.11764705882352941 0.074 0.14241486068111456
1 0.454 0.1873065015479876 0.08 0.15789473684210525
1 0.035 0.19659442724458204 0.066 0.21981424148606812
1 0.822 0.24458204334365324 0.1 0.19814241486068113
1 0.334 0.0913312693498452 0.092 0.17647058823529413
1 0.111 0.3606811145510836 0.11 0.20743034055727555
1 0.71 0.16563467492260062 0.092 0.12693498452012383
1 0.184 0.17956656346749225 0.104 0.21671826625386997
1 0.827 0.07894736842105263 0.102 0.15170278637770898
1 0.74 0.6594427244582043 0.104 0.17956656346749225
1 0.32 0.33126934984520123 0.12 0.21671826625386997
1 0.502 0.2801857585139319 0.096 0.19504643962848298
1 0.721 0.29256965944272445 0.106 0.23219814241486067
1 0.56 0.35139318885448917 0.1 0.15170278637770898
1 0.815 0.48142414860681115 0.118 0.20743034055727555
0 0.541 0.8544891640866873 0.126 0.21671826625386997
0 0.164 0.8699690402476781 0.12 0.19814241486068113
0 0.959 0.5712074303405573 0.078 0.23839009287925697
0 0.05 0.7275541795665634 0.088 0.19814241486068113
2 0.341 0.6222910216718266 0.206 0.7492260061919505
2 0.086 0.44272445820433437 0.124 0.35294117647058826
2 0.198 0.29721362229102166 0.128 0.42724458204334365
2 0.348 0.13622291021671826 0.152 0.26006191950464397
2 0.538 0.5123839009287926 0.136 0.4551083591331269
2 0.951 0.7321981424148607 0.094 0.5294117647058824
2 0.656 0.7848297213622291 0.164 0.4241486068111455
2 0.854 0.7213622291021672 0.124 0.5386996904024768
2 0.485 0.5913312693498453 0.114 0.7863777089783281
2 0.958 0.2693498452012384 0.08 0.4458204334365325