1 0.763 0.26497005988023953 0.102 0.18862275449101795
1 0.904 0.3143712574850299 0.064 0.11976047904191617
1 0.466 0.30988023952095806 0.048 0.10479041916167664
1 0.651 0.21107784431137724 0.114 0.2125748502994012
1 0.197 0.26047904191616766 0.078 0.17365269461077845
1 0.589 0.2874251497005988 0.058 0.1377245508982036
1 0.409 0.30988023952095806 0.042 0.10479041916167664
1 0.383 0.3143712574850299 0.046 0.10179640718562874
1 0.978 0.3263473053892216 0.04 0.08383233532934131
1 0.087 0.2949101796407186 0.17 0.4940119760479042
1 0.299 0.3158682634730539 0.034 0.0688622754491018
1 0.338 0.3323353293413174 0.036 0.08383233532934131
1 0.554 0.30988023952095806 0.036 0.12874251497005987
1 0.525 0.34880239520958084 0.046 0.09880239520958084