1 0.108 0.45345345345345345 0.072 0.12612612612612611
1 0.17 0.37987987987987987 0.052 0.10510510510510511
1 0.232 0.43243243243243246 0.06 0.12012012012012012
1 0.407 0.43993993993993996 0.066 0.13513513513513514
1 0.21 0.31681681681681684 0.056 0.09309309309309309
1 0.246 0.2627627627627628 0.056 0.08708708708708708
1 0.309 0.25675675675675674 0.05 0.09309309309309309
1 0.471 0.21171171171171171 0.05 0.08708708708708708
1 0.499 0.3048048048048048 0.05 0.11711711711711711
1 0.521 0.4144144144144144 0.058 0.12012012012012012
1 0.574 0.466966966966967 0.068 0.13513513513513514
1 0.571 0.24024024024024024 0.054 0.10810810810810811
1 0.742 0.4339339339339339 0.06 0.1111111111111111
1 0.699 0.35435435435435436 0.054 0.0960960960960961
1 0.894 0.47147147147147145 0.084 0.15015015015015015
2 0.087 0.6966966966966966 0.146 0.5945945945945946
2 0.235 0.6831831831831832 0.142 0.6276276276276276
2 0.407 0.6831831831831832 0.19 0.6276276276276276
2 0.577 0.6906906906906907 0.158 0.6006006006006006
2 0.699 0.7012012012012012 0.138 0.5915915915915916
2 0.774 0.6846846846846847 0.124 0.6126126126126126
2 0.902 0.6936936936936937 0.188 0.6066066066066066
2 0.164 0.4369369369369369 0.1 0.21921921921921922
2 0.303 0.46996996996997 0.106 0.2072072072072072
2 0.525 0.47147147147147145 0.13 0.22822822822822822
2 0.71 0.4339339339339339 0.164 0.24324324324324326
2 0.352 0.34534534534534533 0.092 0.17417417417417416
2 0.494 0.36786786786786785 0.124 0.21921921921921922
2 0.581 0.30930930930930933 0.118 0.25825825825825827
2 0.467 0.2702702702702703 0.11 0.2042042042042042
2 0.309 0.2822822822822823 0.07 0.15015015015015015
2 0.242 0.2957957957957958 0.072 0.14714714714714713
2 0.204 0.34234234234234234 0.064 0.15015015015015015