1 0.3575 0.24666666666666667 0.085 0.15333333333333332
1 0.62 0.21 0.075 0.14666666666666667
1 0.54625 0.2733333333333333 0.1125 0.19333333333333333
0 0.845 0.275 0.205 0.2966666666666667
0 0.4375 0.3 0.075 0.13333333333333333
0 0.05 0.285 0.075 0.13666666666666666
0 0.12 0.255 0.065 0.11
2 0.0975 0.6 0.19 0.7933333333333333
2 0.3125 0.5783333333333334 0.195 0.81
2 0.41625 0.5666666666666667 0.1425 0.66
2 0.54 0.5833333333333334 0.18 0.8266666666666667
2 0.6325 0.5316666666666666 0.125 0.81
2 0.87125 0.5616666666666666 0.2525 0.8766666666666667
2 0.72375 0.505 0.3025 0.9766666666666667
0 0.7625 0.10333333333333333 0.095 0.16