1 0.063 0.16666666666666666 0.074 0.15476190476190477
1 0.308 0.24702380952380953 0.076 0.1488095238095238
1 0.213 0.21577380952380953 0.074 0.15178571428571427
1 0.443 0.2976190476190476 0.09 0.17261904761904762
1 0.644 0.2544642857142857 0.06 0.12202380952380952
0 0.594 0.20982142857142858 0.076 0.12797619047619047
2 0.079 0.5133928571428571 0.154 0.8244047619047619
2 0.209 0.5252976190476191 0.13 0.7648809523809523
2 0.326 0.5491071428571429 0.132 0.7410714285714286
2 0.461 0.5238095238095238 0.15 0.625
2 0.6 0.39880952380952384 0.14 0.48214285714285715
2 0.667 0.36160714285714285 0.098 0.3244047619047619