1 0.5261569416498993 0.40606060606060607 0.06639839034205232 0.11515151515151516
1 0.6498993963782697 0.4257575757575758 0.11670020120724346 0.1787878787878788
1 0.4426559356136821 0.4666666666666667 0.0482897384305835 0.09090909090909091
1 0.39436619718309857 0.453030303030303 0.04024144869215292 0.07575757575757576
1 0.3702213279678068 0.4803030303030303 0.03219315895372234 0.03939393939393939
1 0.33903420523138833 0.4772727272727273 0.022132796780684104 0.03333333333333333
2 0.7243460764587525 0.6787878787878788 0.2776659959758551 0.6363636363636364
2 0.5533199195171026 0.6742424242424242 0.1529175050301811 0.6393939393939394
2 0.4647887323943662 0.6909090909090909 0.0925553319919517 0.5575757575757576
2 0.4084507042253521 0.656060606060606 0.06438631790744467 0.4636363636363636
2 0.3672032193158954 0.6 0.04225352112676056 0.28484848484848485
2 0.33903420523138833 0.5621212121212121 0.03420523138832998 0.20909090909090908