1 0.528 0.33933933933933935 0.068 0.12612612612612611
1 0.636 0.3123123123123123 0.06 0.12612612612612611
1 0.279 0.3408408408408408 0.062 0.11711711711711711
1 0.178 0.3153153153153153 0.04 0.07207207207207207
1 0.101 0.33783783783783783 0.038 0.08108108108108109
1 0.374 0.34684684684684686 0.032 0.06306306306306306
1 0.462 0.33483483483483484 0.04 0.07507507507507508
1 0.696 0.37987987987987987 0.056 0.11711711711711711
1 0.42 0.32882882882882886 0.032 0.057057057057057055
1 0.075 0.32882882882882886 0.03 0.06906906906906907
1 0.971 0.5630630630630631 0.054 0.12912912912912913