1 0.443 0.4294294294294294 0.062 0.12012012012012012
1 0.932 0.5540540540540541 0.068 0.0990990990990991
1 0.143 0.43093093093093093 0.046 0.07507507507507508
1 0.557 0.4369369369369369 0.058 0.08108108108108109
1 0.757 0.45495495495495497 0.03 0.05105105105105105
1 0.729 0.3933933933933934 0.022 0.036036036036036036
1 0.318 0.3978978978978979 0.052 0.07507507507507508
1 0.266 0.4624624624624625 0.044 0.08408408408408409
1 0.41 0.4339339339339339 0.028 0.06306306306306306
1 0.61 0.4159159159159159 0.032 0.05105105105105105
1 0.385 0.38288288288288286 0.022 0.04504504504504504
1 0.508 0.3933933933933934 0.024 0.03003003003003003
0 0.081 0.4339339339339339 0.05 0.0990990990990991
0 0.624 0.44894894894894893 0.044 0.08108108108108109
0 0.497 0.4294294294294294 0.03 0.05405405405405406
2 0.913 0.7237237237237237 0.17 0.4264264264264264
2 0.771 0.5675675675675675 0.066 0.27627627627627627
2 0.734 0.46546546546546547 0.044 0.18018018018018017
0 0.798 0.3963963963963964 0.016 0.03003003003003003
2 0.803 0.42042042042042044 0.042 0.08408408408408409
2 0.64 0.6291291291291291 0.084 0.44144144144144143
2 0.456 0.6831831831831832 0.152 0.6036036036036037
2 0.088 0.6561561561561562 0.14 0.5435435435435435
2 0.159 0.5855855855855856 0.09 0.36036036036036034
2 0.271 0.6456456456456456 0.082 0.45645645645645644
2 0.33 0.5915915915915916 0.076 0.45645645645645644
2 0.381 0.4339339339339339 0.042 0.15315315315315314
2 0.508 0.506006006006006 0.072 0.19519519519519518
2 0.57 0.6591591591591591 0.084 0.5135135135135135
2 0.668 0.44894894894894893 0.044 0.19519519519519518
2 0.636 0.35435435435435436 0.04 0.10810810810810811
1 0.665 0.3708708708708709 0.018 0.03903903903903904
1 0.633 0.3228228228228228 0.022 0.03903903903903904