1 0.374 0.380466472303207 0.056 0.11370262390670553
1 0.058 0.3979591836734694 0.036 0.09037900874635568
1 0.43 0.39941690962099125 0.044 0.09329446064139942
1 0.738 0.37900874635568516 0.044 0.07580174927113703
1 0.097 0.3965014577259475 0.042 0.06997084548104957
1 0.021 0.40524781341107874 0.034 0.08746355685131195
1 0.171 0.3965014577259475 0.03 0.0641399416909621
1 0.202 0.41836734693877553 0.044 0.0728862973760933
1 0.272 0.41690962099125367 0.044 0.06997084548104957
1 0.509 0.3979591836734694 0.054 0.0728862973760933
1 0.577 0.3965014577259475 0.042 0.06997084548104957
1 0.667 0.36005830903790087 0.038 0.08454810495626822
1 0.702 0.35422740524781343 0.032 0.08454810495626822
1 0.782 0.37317784256559766 0.044 0.08746355685131195