1 0.044 0.33633633633633636 0.04 0.06006006006006006
1 0.266 0.35135135135135137 0.04 0.06606606606606606
1 0.846 0.27627627627627627 0.064 0.12612612612612611
1 0.986 0.2702702702702703 0.024 0.14414414414414414
1 0.69 0.3153153153153153 0.052 0.11411411411411411
1 0.731 0.3033033033033033 0.046 0.1021021021021021
1 0.591 0.3078078078078078 0.054 0.11711711711711711
1 0.631 0.3063063063063063 0.038 0.0960960960960961
1 0.493 0.3213213213213213 0.05 0.0960960960960961
1 0.321 0.35735735735735735 0.026 0.06006006006006006
1 0.351 0.38738738738738737 0.034 0.06606606606606606
1 0.354 0.32432432432432434 0.032 0.06606606606606606
1 0.392 0.3663663663663664 0.04 0.07807807807807808
1 0.438 0.3213213213213213 0.052 0.0960960960960961
1 0.534 0.3183183183183183 0.036 0.09009009009009009