1 0.47 0.18984962406015038 0.075 0.13909774436090225
1 0.57375 0.16917293233082706 0.0675 0.12781954887218044
1 0.61875 0.2725563909774436 0.0825 0.14661654135338345
1 0.30625 0.12406015037593984 0.1125 0.17293233082706766
1 0.5175 0.10714285714285714 0.055 0.11654135338345864
1 0.1925 0.14285714285714285 0.085 0.18045112781954886
1 0.4125 0.12781954887218044 0.055 0.11278195488721804
1 0.03875 0.06578947368421052 0.0525 0.10150375939849623
1 0.13375 0.14285714285714285 0.0525 0.12781954887218044
0 0.94875 0.20300751879699247 0.0975 0.18045112781954886
0 0.88625 0.3176691729323308 0.1325 0.20676691729323307