1 0.34 0.2298507462686567 0.148 0.26865671641791045
1 0.752 0.382089552238806 0.068 0.11940298507462686
1 0.454 0.43134328358208956 0.068 0.12835820895522387
1 0.674 0.48955223880597015 0.056 0.10746268656716418
1 0.115 0.48955223880597015 0.042 0.07761194029850746
1 0.53 0.5119402985074627 0.04 0.06865671641791045
1 0.622 0.5194029850746269 0.036 0.05970149253731343
2 0.129 0.6313432835820896 0.118 0.35522388059701493
2 0.804 0.6626865671641791 0.18 0.6686567164179105
2 0.678 0.6626865671641791 0.088 0.4537313432835821
2 0.62 0.6149253731343284 0.052 0.2507462686567164
2 0.531 0.6597014925373135 0.07 0.3582089552238806
2 0.453 0.682089552238806 0.098 0.6298507462686567
2 0.297 0.5388059701492537 0.238 0.9044776119402985