1 0.478 0.5 0.12 0.16012084592145015
1 0.397 0.32628398791540786 0.082 0.12084592145015106
1 0.837 0.4259818731117825 0.062 0.12084592145015106
1 0.631 0.620845921450151 0.142 0.1903323262839879
1 0.744 0.47129909365558914 0.072 0.1148036253776435
1 0.488 0.42900302114803623 0.096 0.08459214501510574
1 0.268 0.35347432024169184 0.068 0.09667673716012085
2 0.785 0.5845921450151057 0.166 0.4380664652567976
2 0.688 0.4984894259818731 0.196 0.2054380664652568
2 0.549 0.7492447129909365 0.358 0.3987915407854985
2 0.237 0.6087613293051359 0.142 0.6374622356495468
2 0.365 0.5649546827794562 0.114 0.6102719033232629
2 0.459 0.6661631419939577 0.17 0.48036253776435045