1 0.7910447761194029 0.1828358208955224 0.05970149253731343 0.08955223880597014
1 0.1181592039800995 0.47574626865671643 0.04228855721393035 0.08582089552238806
1 0.4577114427860697 0.5727611940298507 0.04975124378109453 0.07835820895522388
1 0.472636815920398 0.5317164179104478 0.04975124378109453 0.0708955223880597
1 0.845771144278607 0.23134328358208955 0.029850746268656716 0.05970149253731343
1 0.7400497512437811 0.39925373134328357 0.0472636815920398 0.05970149253731343
1 0.554726368159204 0.2630597014925373 0.014925373134328358 0.026119402985074626
1 0.4925373134328358 0.26865671641791045 0.01990049751243781 0.029850746268656716
1 0.513681592039801 0.2574626865671642 0.017412935323383085 0.029850746268656716
1 0.5323383084577115 0.2667910447761194 0.014925373134328358 0.026119402985074626
2 0.12313432835820895 0.6175373134328358 0.08706467661691543 0.35447761194029853
2 0.4465174129353234 0.7611940298507462 0.19651741293532338 0.39552238805970147
2 0.7985074626865671 0.38992537313432835 0.06965174129353234 0.4962686567164179
2 0.7947761194029851 0.47761194029850745 0.14676616915422885 0.23134328358208955
2 0.8544776119402985 0.3414179104477612 0.0472636815920398 0.2574626865671642
2 0.4962686567164179 0.5988805970149254 0.08208955223880597 0.19776119402985073
2 0.4937810945273632 0.32276119402985076 0.022388059701492536 0.13059701492537312
2 0.5584577114427861 0.31902985074626866 0.02736318407960199 0.1455223880597015
2 0.5335820895522388 0.31902985074626866 0.022388059701492536 0.13805970149253732
2 0.513681592039801 0.31716417910447764 0.022388059701492536 0.14925373134328357