1 0.058 0.44728915662650603 0.04 0.06927710843373494
1 0.081 0.4367469879518072 0.034 0.08433734939759036
1 0.155 0.47289156626506024 0.054 0.0783132530120482
1 0.541 0.42620481927710846 0.034 0.06325301204819277
1 0.651 0.3990963855421687 0.034 0.06325301204819277
1 0.951 0.3990963855421687 0.034 0.06927710843373494
1 0.855 0.4126506024096386 0.034 0.06626506024096386
1 0.762 0.39759036144578314 0.032 0.07228915662650602
1 0.726 0.4126506024096386 0.032 0.06626506024096386
1 0.682 0.42018072289156627 0.036 0.06325301204819277
1 0.988 0.40813253012048195 0.02 0.07530120481927711