1 0.1125703564727955 0.345 0.06378986866791744 0.13
1 0.3592870544090056 0.30833333333333335 0.058161350844277676 0.11
1 0.651031894934334 0.28 0.04878048780487805 0.10666666666666667
1 0.4399624765478424 0.26166666666666666 0.054409005628517824 0.11
1 0.027204502814258912 0.25333333333333335 0.05065666041275797 0.16666666666666666
1 0.21857410881801126 0.31333333333333335 0.05065666041275797 0.1
1 0.1669793621013133 0.3283333333333333 0.04127579737335835 0.08333333333333333
1 0.875234521575985 0.33 0.04690431519699812 0.1
1 0.9793621013133208 0.28 0.0375234521575985 0.14666666666666667
1 0.9587242026266416 0.24666666666666667 0.03377110694183865 0.07333333333333333
1 0.47373358348968103 0.29333333333333333 0.03564727954971857 0.08
1 0.04221388367729831 0.3333333333333333 0.043151969981238276 0.1
1 0.8789868667917449 0.2816666666666667 0.03564727954971857 0.07666666666666666