1 0.116 0.3235294117647059 0.056 0.10695187165775401
1 0.211 0.3074866310160428 0.058 0.10695187165775401
1 0.33 0.232620320855615 0.048 0.09090909090909091
1 0.411 0.2807486631016043 0.054 0.11229946524064172
1 0.265 0.4732620320855615 0.062 0.10160427807486631
1 0.208 0.5548128342245989 0.064 0.11497326203208556
1 0.342 0.5200534759358288 0.056 0.10427807486631016
1 0.425 0.42914438502673796 0.054 0.10427807486631016
1 0.545 0.26336898395721925 0.054 0.09893048128342247
1 0.501 0.2192513368983957 0.054 0.10160427807486631
1 0.841 0.2700534759358289 0.066 0.11764705882352941
1 0.727 0.24598930481283424 0.062 0.10695187165775401
1 0.669 0.2807486631016043 0.062 0.11229946524064172
1 0.605 0.29010695187165775 0.066 0.10427807486631016
2 0.214 0.7085561497326203 0.172 0.41711229946524064
2 0.118 0.5320855614973262 0.124 0.5240641711229946
2 0.211 0.3810160427807487 0.082 0.2540106951871658
2 0.335 0.6724598930481284 0.154 0.3716577540106952
2 0.435 0.5909090909090909 0.134 0.40106951871657753
2 0.865 0.5347593582887701 0.146 0.6470588235294118
2 0.749 0.516042780748663 0.114 0.6470588235294118
2 0.665 0.5267379679144385 0.082 0.6149732620320856
2 0.61 0.5320855614973262 0.088 0.5668449197860963
2 0.538 0.5120320855614974 0.076 0.56951871657754
2 0.329 0.35962566844919786 0.11 0.339572192513369
2 0.411 0.3074866310160428 0.094 0.1497326203208556
2 0.495 0.32486631016042783 0.062 0.30213903743315507