1 0.708 0.4035947712418301 0.068 0.16666666666666666
1 0.592 0.4395424836601307 0.064 0.14705882352941177
1 0.225 0.3741830065359477 0.074 0.16013071895424835
1 0.073 0.4395424836601307 0.082 0.15359477124183007
1 0.912 0.40522875816993464 0.072 0.16339869281045752
1 0.328 0.3872549019607843 0.092 0.17973856209150327
1 0.766 0.4395424836601307 0.044 0.13398692810457516
1 0.489 0.4084967320261438 0.09 0.19607843137254902
1 0.647 0.3937908496732026 0.054 0.12745098039215685
1 0.55 0.380718954248366 0.056 0.15359477124183007
1 0.794 0.43790849673202614 0.04 0.12418300653594772