1 0.316 0.33183183183183185 0.068 0.11711711711711711
1 0.424 0.6141141141141141 0.064 0.09309309309309309
1 0.533 0.6096096096096096 0.058 0.11411411411411411
1 0.633 0.31981981981981983 0.042 0.08108108108108109
1 0.648 0.6231231231231231 0.068 0.12312312312312312
1 0.429 0.35585585585585583 0.022 0.04504504504504504
1 0.499 0.36036036036036034 0.03 0.04804804804804805
1 0.714 0.3708708708708709 0.04 0.08108108108108109
2 0.303 0.5870870870870871 0.13 0.5975975975975976
2 0.425 0.7387387387387387 0.106 0.33633633633633636
2 0.531 0.7342342342342343 0.094 0.35735735735735735
2 0.643 0.7447447447447447 0.122 0.35435435435435436
2 0.767 0.7282282282282282 0.118 0.35135135135135137
2 0.426 0.44294294294294295 0.06 0.2132132132132132
2 0.498 0.45345345345345345 0.064 0.24024024024024024
2 0.636 0.42492492492492495 0.092 0.2852852852852853
2 0.704 0.5135135135135135 0.056 0.35435435435435436
0 0.763 0.6081081081081081 0.05 0.09309309309309309