1 0.247 0.608 0.082 0.112
1 0.641 0.49333333333333335 0.098 0.16
1 0.069 0.2866666666666667 0.066 0.104
1 0.187 0.44 0.094 0.128
1 0.418 0.38533333333333336 0.076 0.088
1 0.267 0.296 0.05 0.096
1 0.305 0.21066666666666667 0.042 0.07466666666666667
1 0.882 0.21466666666666667 0.036 0.06133333333333333
1 0.777 0.224 0.038 0.042666666666666665
1 0.451 0.172 0.03 0.050666666666666665
1 0.545 0.15733333333333333 0.022 0.048
1 0.652 0.248 0.036 0.042666666666666665
1 0.56 0.23866666666666667 0.04 0.034666666666666665
1 0.613 0.188 0.038 0.06133333333333333