1 0.686 0.4072463768115942 0.064 0.1072463768115942
1 0.602 0.4666666666666667 0.068 0.10434782608695652
1 0.971 0.3855072463768116 0.054 0.11014492753623188
1 0.262 0.4 0.036 0.057971014492753624
1 0.407 0.39710144927536234 0.03 0.05217391304347826
1 0.486 0.3826086956521739 0.044 0.06376811594202898
1 0.529 0.4072463768115942 0.03 0.05507246376811594
1 0.616 0.3826086956521739 0.044 0.07536231884057971
1 0.751 0.3898550724637681 0.034 0.06666666666666667
1 0.909 0.4072463768115942 0.05 0.08985507246376812
1 0.559 0.3869565217391304 0.022 0.03768115942028986
1 0.352 0.39420289855072466 0.032 0.05217391304347826
1 0.294 0.4115942028985507 0.028 0.04057971014492753